{
 "cells": [
  {
   "cell_type": "code",
   "execution_count": 1,
   "metadata": {},
   "outputs": [],
   "source": [
    "include(\"../src/modules/TUM69.jl\")\n",
    "include(\"../src/modules/Preprocess.jl\")\n",
    "include(\"../src/modules/Network.jl\")\n",
    "include(\"../src/modules/Utils.jl\")\n",
    "\n",
    "## Third party packages\n",
    "using Knet: KnetArray, adam, relu, minibatch\n",
    "using AutoGrad, Knet, CUDA, MAT\n",
    "\n",
    "\n",
    "## Handwritten modules\n",
    "using .TUM69: load_image_data   # Data reading\n",
    "using .Preprocess: process_image # Preprocessing on the data\n",
    "using .Network: GCN, train_summarize!, accuracy4, nll4, GenericMLP # Construction of custom network\n",
    "using .Utils: notify"
   ]
  },
  {
   "cell_type": "code",
   "execution_count": 2,
   "metadata": {},
   "outputs": [],
   "source": [
    "# Some constants that will be used in the network model\n",
    "MINIBATCH_SIZE = 2\n",
    "INPUT_SIZE = [384, 384, 3]\n",
    "OUTPUT_SIZE = 69;"
   ]
  },
  {
   "cell_type": "code",
   "execution_count": 3,
   "metadata": {},
   "outputs": [
    {
     "data": {
      "text/plain": [
       "Dict{String,Any} with 4 entries:\n",
       "  \"meta\"   => Dict{String,Any}(\"classes\"=>Dict{String,Any}(\"name\"=>Any[\"n014407…\n",
       "  \"params\" => Dict{String,Any}(\"name\"=>Any[\"conv1f\" \"conv1b\" … \"fc8f\" \"fc8b\"],\"…\n",
       "  \"vars\"   => Dict{String,Any}(\"name\"=>Any[\"input\" \"x1\" … \"prediction\" \"prob\"],…\n",
       "  \"layers\" => Dict{String,Any}(\"name\"=>Any[\"conv1\" \"relu1\" … \"fc8\" \"prob\"],\"out…"
      ]
     },
     "execution_count": 3,
     "metadata": {},
     "output_type": "execute_result"
    }
   ],
   "source": [
    "alexnet = matread(\"alexnet.mat\")"
   ]
  },
  {
   "cell_type": "code",
   "execution_count": 4,
   "metadata": {},
   "outputs": [
    {
     "data": {
      "text/plain": [
       "Dict{String,Any} with 4 entries:\n",
       "  \"name\"         => Any[\"conv1f\" \"conv1b\" … \"fc8f\" \"fc8b\"]\n",
       "  \"learningRate\" => Any[1.0 2.0 … 1.0 2.0]\n",
       "  \"weightDecay\"  => Any[1.0 0.0 … 1.0 0.0]\n",
       "  \"value\"        => Any[Float32[3.89707f-5 -0.000198626 … -0.000138555 -0.00034…"
      ]
     },
     "execution_count": 4,
     "metadata": {},
     "output_type": "execute_result"
    }
   ],
   "source": [
    "alexnet[\"params\"]"
   ]
  },
  {
   "cell_type": "code",
   "execution_count": 5,
   "metadata": {},
   "outputs": [
    {
     "name": "stdout",
     "output_type": "stream",
     "text": [
      "size(conv1w) = (11, 11, 3, 48)\n",
      "size(conv1b) = (48,)\n",
      "size(conv2w) = (5, 5, 48, 256)\n",
      "size(conv2b) = (256, 1)\n",
      "size(conv3w) = (3, 3, 256, 192)\n",
      "size(conv3b) = (192,)\n",
      "size(conv4w) = (3, 3, 192, 192)\n",
      "size(conv4b) = (192,)\n",
      "size(conv5w) = (3, 3, 192, 256)\n",
      "size(conv5b) = (256, 1)\n",
      "conv1_stride = Tuple(convert(Array{Int}, vec((((alexnet[\"layers\"])[\"block\"])[1])[\"stride\"]))) = (4, 4)\n",
      "conv2_stride = Tuple(convert(Array{Int}, vec((((alexnet[\"layers\"])[\"block\"])[4])[\"stride\"]))) = (1, 1)\n",
      "conv3_stride = Tuple(convert(Array{Int}, vec((((alexnet[\"layers\"])[\"block\"])[7])[\"stride\"]))) = (1, 1)\n",
      "conv4_stride = Tuple(convert(Array{Int}, vec((((alexnet[\"layers\"])[\"block\"])[9])[\"stride\"]))) = (1, 1)\n",
      "conv5_stride = Tuple(convert(Array{Int}, vec((((alexnet[\"layers\"])[\"block\"])[11])[\"stride\"]))) = (1, 1)\n",
      "conv1_pad = Tuple(convert(Array{Int}, (vec((((alexnet[\"layers\"])[\"block\"])[1])[\"pad\"]))[1:2])) = (0, 0)\n",
      "conv2_pad = Tuple(convert(Array{Int}, (vec((((alexnet[\"layers\"])[\"block\"])[4])[\"pad\"]))[1:2])) = (2, 2)\n",
      "conv3_pad = Tuple(convert(Array{Int}, (vec((((alexnet[\"layers\"])[\"block\"])[7])[\"pad\"]))[1:2])) = (1, 1)\n",
      "conv4_pad = Tuple(convert(Array{Int}, (vec((((alexnet[\"layers\"])[\"block\"])[9])[\"pad\"]))[1:2])) = (1, 1)\n",
      "conv5_pad = Tuple(convert(Array{Int}, (vec((((alexnet[\"layers\"])[\"block\"])[11])[\"pad\"]))[1:2])) = (1, 1)\n",
      "conv1_pool_window = Tuple(convert(Array{Int}, vec((((alexnet[\"layers\"])[\"block\"])[3])[\"poolSize\"]))) = (3, 3)\n",
      "conv2_pool_window = Tuple(convert(Array{Int}, vec((((alexnet[\"layers\"])[\"block\"])[6])[\"poolSize\"]))) = (3, 3)\n",
      "conv3_pool_window = Tuple([1, 1]) = (1, 1)\n",
      "conv4_pool_window = Tuple([1, 1]) = (1, 1)\n",
      "conv5_pool_window = Tuple(convert(Array{Int}, vec((((alexnet[\"layers\"])[\"block\"])[13])[\"poolSize\"]))) = (3, 3)\n",
      "conv1_pool_stride = Tuple(convert(Array{Int}, vec((((alexnet[\"layers\"])[\"block\"])[3])[\"stride\"]))) = (2, 2)\n",
      "conv2_pool_stride = Tuple(convert(Array{Int}, vec((((alexnet[\"layers\"])[\"block\"])[6])[\"stride\"]))) = (2, 2)\n",
      "conv3_pool_stride = Tuple([1, 1]) = (1, 1)\n",
      "conv4_pool_stride = Tuple([1, 1]) = (1, 1)\n",
      "conv5_pool_stride = Tuple(convert(Array{Int}, vec((((alexnet[\"layers\"])[\"block\"])[13])[\"stride\"]))) = (2, 2)\n"
     ]
    },
    {
     "data": {
      "text/plain": [
       "(2, 2)"
      ]
     },
     "execution_count": 5,
     "metadata": {},
     "output_type": "execute_result"
    }
   ],
   "source": [
    "conv1w = alexnet[\"params\"][\"value\"][1]; conv1w = conv1w[:, :, :, 1:Int(size(conv1w,4) / 2)]; @show size(conv1w)\n",
    "conv1b = alexnet[\"params\"][\"value\"][2]; conv1b = conv1b[1:Int(size(conv1b,1) / 2)]; @show size(conv1b)\n",
    "conv2w = alexnet[\"params\"][\"value\"][3]; @show size(conv2w)\n",
    "conv2b = alexnet[\"params\"][\"value\"][4]; @show size(conv2b)\n",
    "conv3w = alexnet[\"params\"][\"value\"][5]; conv3w = conv3w[:, :, :, 1:Int(size(conv3w,4) / 2)]; @show size(conv3w)\n",
    "conv3b = alexnet[\"params\"][\"value\"][6]; conv3b = conv3b[1:Int(size(conv3b,1) / 2)];@show size(conv3b)\n",
    "conv4w = alexnet[\"params\"][\"value\"][7]; conv4w = conv4w[:, :, :, 1:Int(size(conv4w,4) / 2)]; @show size(conv4w)\n",
    "conv4b = alexnet[\"params\"][\"value\"][8]; conv4b = conv4b[1:Int(size(conv4b,1) / 2)];@show size(conv4b)\n",
    "conv5w = alexnet[\"params\"][\"value\"][9]; @show size(conv5w)\n",
    "conv5b = alexnet[\"params\"][\"value\"][10]; @show size(conv5b)\n",
    "\n",
    "@show conv1_stride = Tuple(convert(Array{Int}, vec(alexnet[\"layers\"][\"block\"][1][\"stride\"])))\n",
    "@show conv2_stride = Tuple(convert(Array{Int}, vec(alexnet[\"layers\"][\"block\"][4][\"stride\"])))\n",
    "@show conv3_stride = Tuple(convert(Array{Int}, vec(alexnet[\"layers\"][\"block\"][7][\"stride\"])))\n",
    "@show conv4_stride = Tuple(convert(Array{Int}, vec(alexnet[\"layers\"][\"block\"][9][\"stride\"])))\n",
    "@show conv5_stride = Tuple(convert(Array{Int}, vec(alexnet[\"layers\"][\"block\"][11][\"stride\"])))\n",
    "\n",
    "@show conv1_pad = Tuple(convert(Array{Int}, vec(alexnet[\"layers\"][\"block\"][1][\"pad\"])[1:2]))\n",
    "@show conv2_pad = Tuple(convert(Array{Int}, vec(alexnet[\"layers\"][\"block\"][4][\"pad\"])[1:2]))\n",
    "@show conv3_pad = Tuple(convert(Array{Int}, vec(alexnet[\"layers\"][\"block\"][7][\"pad\"])[1:2]))\n",
    "@show conv4_pad = Tuple(convert(Array{Int}, vec(alexnet[\"layers\"][\"block\"][9][\"pad\"])[1:2]))\n",
    "@show conv5_pad = Tuple(convert(Array{Int}, vec(alexnet[\"layers\"][\"block\"][11][\"pad\"])[1:2]))\n",
    "\n",
    "@show conv1_pool_window = Tuple(convert(Array{Int}, vec(alexnet[\"layers\"][\"block\"][3][\"poolSize\"])))\n",
    "@show conv2_pool_window = Tuple(convert(Array{Int}, vec(alexnet[\"layers\"][\"block\"][6][\"poolSize\"])))\n",
    "@show conv3_pool_window = Tuple([1, 1])#Tuple(alexnet[\"layers\"][\"block\"][7][\"pad\"])\n",
    "@show conv4_pool_window = Tuple([1, 1])#Tuple(alexnet[\"layers\"][\"block\"][9][\"pad\"])\n",
    "@show conv5_pool_window = Tuple(convert(Array{Int}, vec(alexnet[\"layers\"][\"block\"][13][\"poolSize\"])))\n",
    "\n",
    "@show conv1_pool_stride = Tuple(convert(Array{Int}, vec(alexnet[\"layers\"][\"block\"][3][\"stride\"])))\n",
    "@show conv2_pool_stride = Tuple(convert(Array{Int}, vec(alexnet[\"layers\"][\"block\"][6][\"stride\"])))\n",
    "@show conv3_pool_stride = Tuple([1, 1])#Tuple(alexnet[\"layers\"][\"block\"][7][\"pad\"])\n",
    "@show conv4_pool_stride = Tuple([1, 1])#Tuple(alexnet[\"layers\"][\"block\"][9][\"pad\"])\n",
    "@show conv5_pool_stride = Tuple(convert(Array{Int}, vec(alexnet[\"layers\"][\"block\"][13][\"stride\"])))"
   ]
  },
  {
   "cell_type": "code",
   "execution_count": 6,
   "metadata": {},
   "outputs": [
    {
     "data": {
      "text/plain": [
       "GCN((Main.Network.Conv(P(Array{Float32,4}(11,11,3,48)), P(Array{Float32,4}(1,1,48,1)), Knet.Ops20.relu, 0, (0, 0), (4, 4), (3, 3), (2, 2), true, Array{Float32,N} where N), Main.Network.Conv(P(Array{Float32,4}(5,5,48,256)), P(Array{Float32,4}(1,1,256,1)), Knet.Ops20.relu, 0, (2, 2), (1, 1), (3, 3), (2, 2), true, Array{Float32,N} where N), Main.Network.Conv(P(Array{Float32,4}(3,3,256,192)), P(Array{Float32,4}(1,1,192,1)), Knet.Ops20.relu, 0, (1, 1), (1, 1), (1, 1), (1, 1), false, Array{Float32,N} where N), Main.Network.Conv(P(Array{Float32,4}(3,3,192,192)), P(Array{Float32,4}(1,1,192,1)), Knet.Ops20.relu, 0, (1, 1), (1, 1), (1, 1), (1, 1), false, Array{Float32,N} where N), Main.Network.Conv(P(Array{Float32,4}(3,3,192,256)), P(Array{Float32,4}(1,1,256,1)), Knet.Ops20.relu, 0, (1, 1), (1, 1), (3, 3), (2, 2), false, Array{Float32,N} where N), Main.Network.Conv(P(Array{Float32,4}(6,6,256,300)), P(Array{Float32,4}(1,1,300,1)), Knet.Ops20.relu, 0, (0, 0), (1, 1), (1, 1), (1, 1), false, Array{Float32,N} where N), Main.Network.Conv(P(Array{Float32,4}(1,1,300,250)), P(Array{Float32,4}(1,1,250,1)), Knet.Ops20.relu, 0, (0, 0), (1, 1), (1, 1), (1, 1), false, Array{Float32,N} where N), Main.Network.Conv(P(Array{Float32,4}(1,1,250,69)), P(Array{Float32,4}(1,1,69,1)), Knet.Ops20.relu, 0, (0, 0), (1, 1), (1, 1), (1, 1), false, Array{Float32,N} where N)), Knet.Train20.adam, 0.0001, Main.Network.nll4, Main.Network.accuracy4, 0.0, 0.0005)"
      ]
     },
     "execution_count": 6,
     "metadata": {},
     "output_type": "execute_result"
    }
   ],
   "source": [
    "model = GCN(INPUT_SIZE, OUTPUT_SIZE, \n",
    "       [(conv1w, conv1b , relu, 0.0, conv1_pad, conv1_stride, conv1_pool_window, conv1_pool_stride, true),\n",
    "        (conv2w, conv2b , relu, 0.0, conv2_pad, conv2_stride, conv2_pool_window, conv2_pool_stride, true),\n",
    "        (conv3w, conv3b , relu, 0.0, conv3_pad, conv3_stride, conv3_pool_window, conv3_pool_stride, false),\n",
    "        (conv4w, conv4b , relu, 0.0, conv4_pad, conv4_stride, conv4_pool_window, conv4_pool_stride, false),\n",
    "        (conv5w, conv5b , relu, 0.0, conv5_pad, conv5_stride, conv5_pool_window, conv5_pool_stride, false),\n",
    "        (6, 6, 300, relu, 0.5, (0, 0), (1, 1), (1, 1), (1, 1), false),\n",
    "        (1, 1, 250, relu, 0.5, (0, 0), (1, 1), (1, 1), (1, 1), false),\n",
    "        (1, 1, OUTPUT_SIZE, relu, 0.5, (0, 0), (1, 1), (1, 1), (1, 1), false)\n",
    "        ]; \n",
    "    hidden=[], optimizer_type = adam, lr = 1e-4, loss_fnc=nll4, accuracy_fnc = accuracy4, atype = Array{Float32})\n",
    "\n",
    "#=\n",
    "  \n",
    "=#"
   ]
  },
  {
   "cell_type": "code",
   "execution_count": 57,
   "metadata": {},
   "outputs": [],
   "source": [
    "k = Array{Float32}(randn(384,384,3,10));\n",
    "m = Array{Float64}(randn(384,384,3,10));"
   ]
  },
  {
   "cell_type": "code",
   "execution_count": 60,
   "metadata": {
    "scrolled": true
   },
   "outputs": [
    {
     "data": {
      "text/plain": [
       "5×5×69×10 Array{Float32,4}:\n",
       "[:, :, 1, 1] =\n",
       " 0.0244077  0.0        0.0         0.0         0.0\n",
       " 0.0181817  0.0        0.0         0.0         0.0\n",
       " 0.0183116  0.0        0.0         0.0         0.0\n",
       " 0.019332   0.0        0.0         0.0         0.0\n",
       " 0.0372132  0.0128258  0.00431217  0.00503593  0.00636145\n",
       "\n",
       "[:, :, 2, 1] =\n",
       " 0.0  0.0  0.0  0.0  0.0\n",
       " 0.0  0.0  0.0  0.0  0.0\n",
       " 0.0  0.0  0.0  0.0  0.0\n",
       " 0.0  0.0  0.0  0.0  0.0\n",
       " 0.0  0.0  0.0  0.0  0.0\n",
       "\n",
       "[:, :, 3, 1] =\n",
       " 0.0  0.0  0.0  0.0  0.0\n",
       " 0.0  0.0  0.0  0.0  0.0\n",
       " 0.0  0.0  0.0  0.0  0.0\n",
       " 0.0  0.0  0.0  0.0  0.0\n",
       " 0.0  0.0  0.0  0.0  0.0\n",
       "\n",
       "...\n",
       "\n",
       "[:, :, 67, 1] =\n",
       " 0.143581   0.160007   0.158464   0.15951    0.159932\n",
       " 0.0669907  0.0680281  0.0676684  0.0687523  0.065502\n",
       " 0.0686375  0.0669037  0.0670886  0.0682123  0.0666099\n",
       " 0.0693028  0.0673286  0.0669586  0.0683147  0.0667888\n",
       " 0.0756783  0.0734973  0.0735274  0.074634   0.0756978\n",
       "\n",
       "[:, :, 68, 1] =\n",
       " 0.156888  0.105859   0.0993617  0.099359   0.10836\n",
       " 0.109442  0.0836274  0.0762126  0.0768436  0.0852541\n",
       " 0.111662  0.087092   0.0797359  0.0804133  0.0895112\n",
       " 0.110773  0.0859872  0.078143   0.079061   0.0884087\n",
       " 0.110993  0.0853157  0.0772169  0.0774596  0.0864382\n",
       "\n",
       "[:, :, 69, 1] =\n",
       " 0.416796  0.408588  0.405364  0.405574  0.404957\n",
       " 0.414782  0.407777  0.405163  0.405165  0.399678\n",
       " 0.418674  0.410217  0.40758   0.407149  0.402307\n",
       " 0.419158  0.411361  0.408418  0.408012  0.403156\n",
       " 0.430692  0.424575  0.421932  0.421673  0.418917\n",
       "\n",
       "[:, :, 1, 2] =\n",
       " 0.0244898  0.0        0.0         0.0        0.0\n",
       " 0.0185378  0.0        0.0         0.0        0.0\n",
       " 0.0190849  0.0        0.0         0.0        0.0\n",
       " 0.0201091  0.0        0.0         0.0        0.0\n",
       " 0.0379886  0.0138321  0.00505886  0.0051783  0.00653989\n",
       "\n",
       "[:, :, 2, 2] =\n",
       " 0.0  0.0  0.0  0.0  0.0\n",
       " 0.0  0.0  0.0  0.0  0.0\n",
       " 0.0  0.0  0.0  0.0  0.0\n",
       " 0.0  0.0  0.0  0.0  0.0\n",
       " 0.0  0.0  0.0  0.0  0.0\n",
       "\n",
       "[:, :, 3, 2] =\n",
       " 0.0  0.0  0.0  0.0  0.0\n",
       " 0.0  0.0  0.0  0.0  0.0\n",
       " 0.0  0.0  0.0  0.0  0.0\n",
       " 0.0  0.0  0.0  0.0  0.0\n",
       " 0.0  0.0  0.0  0.0  0.0\n",
       "\n",
       "...\n",
       "\n",
       "[:, :, 67, 2] =\n",
       " 0.143598   0.160276   0.15878    0.159401   0.160181\n",
       " 0.067445   0.0679711  0.0675331  0.0686302  0.0656201\n",
       " 0.0694563  0.0671     0.0666985  0.0682305  0.0666672\n",
       " 0.0697306  0.066985   0.0669281  0.0683057  0.0665036\n",
       " 0.0761678  0.0737991  0.0737927  0.0747826  0.0755863\n",
       "\n",
       "[:, :, 68, 2] =\n",
       " 0.157214  0.10625    0.0994055  0.100015   0.10911\n",
       " 0.110415  0.0839431  0.0762514  0.0770706  0.0858884\n",
       " 0.112171  0.0869901  0.079528   0.0803414  0.0896821\n",
       " 0.110635  0.0852853  0.0782955  0.0792717  0.0887018\n",
       " 0.110313  0.0851232  0.0771732  0.0779972  0.0865725\n",
       "\n",
       "[:, :, 69, 2] =\n",
       " 0.416813  0.408575  0.406198  0.405759  0.404895\n",
       " 0.414784  0.408393  0.406297  0.405506  0.399878\n",
       " 0.418154  0.40999   0.407703  0.407632  0.402615\n",
       " 0.419047  0.410855  0.408401  0.408523  0.403874\n",
       " 0.430284  0.424039  0.421263  0.421528  0.419058\n",
       "\n",
       "[:, :, 1, 3] =\n",
       " 0.0249352  0.0        0.0         0.0        0.0\n",
       " 0.0193153  0.0        0.0         0.0        0.0\n",
       " 0.0192457  0.0        0.0         0.0        0.0\n",
       " 0.019685   0.0        0.0         0.0        0.0\n",
       " 0.0375561  0.0133084  0.00484961  0.0048044  0.00674148\n",
       "\n",
       "[:, :, 2, 3] =\n",
       " 0.0  0.0  0.0  0.0  0.0\n",
       " 0.0  0.0  0.0  0.0  0.0\n",
       " 0.0  0.0  0.0  0.0  0.0\n",
       " 0.0  0.0  0.0  0.0  0.0\n",
       " 0.0  0.0  0.0  0.0  0.0\n",
       "\n",
       "[:, :, 3, 3] =\n",
       " 0.0  0.0  0.0  0.0  0.0\n",
       " 0.0  0.0  0.0  0.0  0.0\n",
       " 0.0  0.0  0.0  0.0  0.0\n",
       " 0.0  0.0  0.0  0.0  0.0\n",
       " 0.0  0.0  0.0  0.0  0.0\n",
       "\n",
       "...\n",
       "\n",
       "[:, :, 67, 3] =\n",
       " 0.143686   0.160153   0.158846   0.159543   0.160322\n",
       " 0.067349   0.0679461  0.06776    0.0683028  0.0653008\n",
       " 0.0690792  0.0670953  0.0671394  0.0679094  0.0657949\n",
       " 0.0695852  0.0676486  0.0674016  0.0680919  0.0658241\n",
       " 0.0764919  0.0737299  0.0739053  0.0745738  0.0754923\n",
       "\n",
       "[:, :, 68, 3] =\n",
       " 0.15678   0.105811   0.0989199  0.0986564  0.109131\n",
       " 0.109927  0.0834363  0.0761764  0.076757   0.0858936\n",
       " 0.11225   0.0866868  0.079559   0.0806398  0.0893635\n",
       " 0.110666  0.0856272  0.0783192  0.0790235  0.0879915\n",
       " 0.110357  0.0849157  0.0769142  0.0772067  0.0864555\n",
       "\n",
       "[:, :, 69, 3] =\n",
       " 0.4168    0.408219  0.405713  0.405725  0.405176\n",
       " 0.414434  0.408255  0.405553  0.405668  0.399343\n",
       " 0.417485  0.410202  0.408087  0.407984  0.402418\n",
       " 0.418707  0.410997  0.408299  0.408477  0.40429\n",
       " 0.430264  0.424106  0.421211  0.421229  0.419243\n",
       "\n",
       "[:, :, 1, 4] =\n",
       " 0.0245381  0.0        0.0       0.0         0.0\n",
       " 0.0190329  0.0        0.0       0.0         0.0\n",
       " 0.0188098  0.0        0.0       0.0         0.0\n",
       " 0.0197942  0.0        0.0       0.0         0.0\n",
       " 0.0373784  0.0131137  0.004859  0.00511406  0.00640871\n",
       "\n",
       "[:, :, 2, 4] =\n",
       " 0.0  0.0  0.0  0.0  0.0\n",
       " 0.0  0.0  0.0  0.0  0.0\n",
       " 0.0  0.0  0.0  0.0  0.0\n",
       " 0.0  0.0  0.0  0.0  0.0\n",
       " 0.0  0.0  0.0  0.0  0.0\n",
       "\n",
       "[:, :, 3, 4] =\n",
       " 0.0  0.0  0.0  0.0  0.0\n",
       " 0.0  0.0  0.0  0.0  0.0\n",
       " 0.0  0.0  0.0  0.0  0.0\n",
       " 0.0  0.0  0.0  0.0  0.0\n",
       " 0.0  0.0  0.0  0.0  0.0\n",
       "\n",
       "...\n",
       "\n",
       "[:, :, 67, 4] =\n",
       " 0.143387   0.160683   0.158439   0.159128   0.159991\n",
       " 0.0672247  0.0675582  0.0673624  0.0679833  0.0655579\n",
       " 0.0692706  0.0668044  0.0667259  0.0677754  0.0659876\n",
       " 0.069265   0.0667896  0.0667893  0.0681685  0.0661095\n",
       " 0.0759007  0.073365   0.0739095  0.0747298  0.0753872\n",
       "\n",
       "[:, :, 68, 4] =\n",
       " 0.156788  0.105934   0.0993397  0.099469   0.108792\n",
       " 0.110234  0.0838465  0.0755666  0.0763447  0.0851126\n",
       " 0.111668  0.0864697  0.0795058  0.0801048  0.0892014\n",
       " 0.10972   0.0846722  0.0774867  0.0787233  0.0880628\n",
       " 0.110375  0.0845456  0.0765125  0.0772016  0.0867489\n",
       "\n",
       "[:, :, 69, 4] =\n",
       " 0.416933  0.408618  0.405683  0.405481  0.404866\n",
       " 0.414689  0.40797   0.405424  0.405273  0.399798\n",
       " 0.418079  0.410194  0.407449  0.407234  0.402548\n",
       " 0.418812  0.410588  0.408107  0.408014  0.403351\n",
       " 0.429951  0.424014  0.421416  0.42133   0.418329\n",
       "\n",
       "[:, :, 1, 5] =\n",
       " 0.0248539  0.0        0.0         0.0         0.0\n",
       " 0.0185402  0.0        0.0         0.0         0.0\n",
       " 0.0183496  0.0        0.0         0.0         0.0\n",
       " 0.0194404  0.0        0.0         0.0         0.0\n",
       " 0.0371516  0.0132059  0.00511066  0.00466342  0.00640637\n",
       "\n",
       "[:, :, 2, 5] =\n",
       " 0.0  0.0  0.0  0.0  0.0\n",
       " 0.0  0.0  0.0  0.0  0.0\n",
       " 0.0  0.0  0.0  0.0  0.0\n",
       " 0.0  0.0  0.0  0.0  0.0\n",
       " 0.0  0.0  0.0  0.0  0.0\n",
       "\n",
       "[:, :, 3, 5] =\n",
       " 0.0  0.0  0.0  0.0  0.0\n",
       " 0.0  0.0  0.0  0.0  0.0\n",
       " 0.0  0.0  0.0  0.0  0.0\n",
       " 0.0  0.0  0.0  0.0  0.0\n",
       " 0.0  0.0  0.0  0.0  0.0\n",
       "\n",
       "...\n",
       "\n",
       "[:, :, 67, 5] =\n",
       " 0.143457   0.160422   0.158853   0.159459   0.160104\n",
       " 0.0667923  0.0678806  0.0676423  0.0682749  0.0653398\n",
       " 0.0691542  0.0670952  0.0671474  0.0679081  0.0663049\n",
       " 0.0693364  0.0670701  0.0671801  0.0684754  0.0662488\n",
       " 0.0757479  0.0736615  0.0736045  0.0750656  0.0757787\n",
       "\n",
       "[:, :, 68, 5] =\n",
       " 0.156308  0.105452   0.0990248  0.099291   0.109109\n",
       " 0.109847  0.0835645  0.0759466  0.0767924  0.0860803\n",
       " 0.1117    0.0866776  0.0795888  0.0805866  0.0899747\n",
       " 0.110022  0.0856478  0.0783515  0.0792817  0.0883219\n",
       " 0.110671  0.0850057  0.0766055  0.0777244  0.0864547\n",
       "\n",
       "[:, :, 69, 5] =\n",
       " 0.416983  0.408327  0.405685  0.405711  0.404934\n",
       " 0.415129  0.408264  0.40558   0.405308  0.399448\n",
       " 0.418441  0.410592  0.407549  0.40746   0.402217\n",
       " 0.419458  0.411566  0.408767  0.408136  0.403462\n",
       " 0.429869  0.424177  0.42153   0.421298  0.418639\n",
       "\n",
       "[:, :, 1, 6] =\n",
       " 0.0245697  0.0        0.0         0.0       0.0\n",
       " 0.0185061  0.0        0.0         0.0       0.0\n",
       " 0.0187035  0.0        0.0         0.0       0.0\n",
       " 0.019727   0.0        0.0         0.0       0.0\n",
       " 0.0369818  0.0133275  0.00507662  0.004887  0.00639335\n",
       "\n",
       "[:, :, 2, 6] =\n",
       " 0.0  0.0  0.0  0.0  0.0\n",
       " 0.0  0.0  0.0  0.0  0.0\n",
       " 0.0  0.0  0.0  0.0  0.0\n",
       " 0.0  0.0  0.0  0.0  0.0\n",
       " 0.0  0.0  0.0  0.0  0.0\n",
       "\n",
       "[:, :, 3, 6] =\n",
       " 0.0  0.0  0.0  0.0  0.0\n",
       " 0.0  0.0  0.0  0.0  0.0\n",
       " 0.0  0.0  0.0  0.0  0.0\n",
       " 0.0  0.0  0.0  0.0  0.0\n",
       " 0.0  0.0  0.0  0.0  0.0\n",
       "\n",
       "...\n",
       "\n",
       "[:, :, 67, 6] =\n",
       " 0.143431   0.16036    0.158405   0.159453   0.160041\n",
       " 0.0672381  0.0674418  0.066965   0.0681971  0.0652939\n",
       " 0.0689626  0.0665774  0.0663355  0.0674409  0.0657162\n",
       " 0.0693376  0.066939   0.0666179  0.0676528  0.0656518\n",
       " 0.0761212  0.0733383  0.0732208  0.0741022  0.075507\n",
       "\n",
       "[:, :, 68, 6] =\n",
       " 0.156661  0.105735   0.099443   0.0993979  0.108501\n",
       " 0.110098  0.0833841  0.0754126  0.0765781  0.0855887\n",
       " 0.11169   0.0866755  0.0791239  0.0798643  0.0893247\n",
       " 0.110166  0.0851805  0.0777584  0.0785851  0.0879883\n",
       " 0.110272  0.0845184  0.0768916  0.0775082  0.0862224\n",
       "\n",
       "[:, :, 69, 6] =\n",
       " 0.416741  0.408166  0.405699  0.405707  0.405276\n",
       " 0.414917  0.408034  0.40548   0.405409  0.400042\n",
       " 0.418878  0.410709  0.407622  0.407627  0.402597\n",
       " 0.419381  0.411232  0.408559  0.408789  0.403874\n",
       " 0.430217  0.423997  0.421392  0.421171  0.418747\n",
       "\n",
       "[:, :, 1, 7] =\n",
       " 0.0243211  0.0        0.0         0.0         0.0\n",
       " 0.0184184  0.0        0.0         0.0         0.0\n",
       " 0.0182521  0.0        0.0         0.0         0.0\n",
       " 0.0194352  0.0        0.0         0.0         0.0\n",
       " 0.0371296  0.0133117  0.00482406  0.00483793  0.00651892\n",
       "\n",
       "[:, :, 2, 7] =\n",
       " 0.0  0.0  0.0  0.0  0.0\n",
       " 0.0  0.0  0.0  0.0  0.0\n",
       " 0.0  0.0  0.0  0.0  0.0\n",
       " 0.0  0.0  0.0  0.0  0.0\n",
       " 0.0  0.0  0.0  0.0  0.0\n",
       "\n",
       "[:, :, 3, 7] =\n",
       " 0.0  0.0  0.0  0.0  0.0\n",
       " 0.0  0.0  0.0  0.0  0.0\n",
       " 0.0  0.0  0.0  0.0  0.0\n",
       " 0.0  0.0  0.0  0.0  0.0\n",
       " 0.0  0.0  0.0  0.0  0.0\n",
       "\n",
       "...\n",
       "\n",
       "[:, :, 67, 7] =\n",
       " 0.143746   0.160476   0.158833   0.159571   0.160121\n",
       " 0.0673013  0.0677879  0.0675771  0.0683564  0.0652592\n",
       " 0.0694586  0.0668707  0.0667699  0.0677076  0.0657816\n",
       " 0.069851   0.067254   0.0669657  0.0682226  0.0660992\n",
       " 0.0760144  0.0734624  0.073539   0.0749543  0.0758065\n",
       "\n",
       "[:, :, 68, 7] =\n",
       " 0.155976  0.104996   0.0994297  0.0999021  0.10869\n",
       " 0.110073  0.0840257  0.0757244  0.0763836  0.0854941\n",
       " 0.112447  0.0873453  0.07929    0.0797166  0.0891405\n",
       " 0.110131  0.0856205  0.0781108  0.0784833  0.0876229\n",
       " 0.110359  0.0846156  0.0767921  0.0775561  0.0867738\n",
       "\n",
       "[:, :, 69, 7] =\n",
       " 0.416585  0.40838   0.406137  0.406199  0.405046\n",
       " 0.415003  0.408367  0.40591   0.405502  0.39937\n",
       " 0.418717  0.410656  0.407966  0.407384  0.402244\n",
       " 0.418933  0.41138   0.40873   0.408424  0.403536\n",
       " 0.430053  0.424275  0.421985  0.421719  0.418631\n",
       "\n",
       "[:, :, 1, 8] =\n",
       " 0.0246964  0.0        0.0        0.0         0.0\n",
       " 0.0181196  0.0        0.0        0.0         0.0\n",
       " 0.0183913  0.0        0.0        0.0         0.0\n",
       " 0.0194838  0.0        0.0        0.0         0.0\n",
       " 0.0371579  0.0132916  0.0053166  0.00503034  0.00641118\n",
       "\n",
       "[:, :, 2, 8] =\n",
       " 0.0  0.0  0.0  0.0  0.0\n",
       " 0.0  0.0  0.0  0.0  0.0\n",
       " 0.0  0.0  0.0  0.0  0.0\n",
       " 0.0  0.0  0.0  0.0  0.0\n",
       " 0.0  0.0  0.0  0.0  0.0\n",
       "\n",
       "[:, :, 3, 8] =\n",
       " 0.0  0.0  0.0  0.0  0.0\n",
       " 0.0  0.0  0.0  0.0  0.0\n",
       " 0.0  0.0  0.0  0.0  0.0\n",
       " 0.0  0.0  0.0  0.0  0.0\n",
       " 0.0  0.0  0.0  0.0  0.0\n",
       "\n",
       "...\n",
       "\n",
       "[:, :, 67, 8] =\n",
       " 0.143403   0.160334   0.15897    0.160033   0.160166\n",
       " 0.0670674  0.0678564  0.0675903  0.0684753  0.0654268\n",
       " 0.0695728  0.0672843  0.0670058  0.0677106  0.0658527\n",
       " 0.0692816  0.0676688  0.0669539  0.0676797  0.0659966\n",
       " 0.0760295  0.0741948  0.0737048  0.0741719  0.075742\n",
       "\n",
       "[:, :, 68, 8] =\n",
       " 0.156455  0.105563   0.0992824  0.0999322  0.108618\n",
       " 0.110395  0.0832533  0.0756987  0.0766074  0.0856655\n",
       " 0.111848  0.0866655  0.0792814  0.0802503  0.0895607\n",
       " 0.110526  0.0855834  0.0780118  0.0792865  0.0884171\n",
       " 0.111049  0.0848432  0.0763968  0.0778175  0.0862281\n",
       "\n",
       "[:, :, 69, 8] =\n",
       " 0.4169    0.408288  0.405846  0.405903  0.405224\n",
       " 0.414824  0.408087  0.405661  0.40581   0.399675\n",
       " 0.417948  0.410082  0.407557  0.407616  0.402262\n",
       " 0.418826  0.410958  0.408406  0.408638  0.403481\n",
       " 0.43028   0.42387   0.421404  0.42128   0.418828\n",
       "\n",
       "[:, :, 1, 9] =\n",
       " 0.0242764  0.0        0.0         0.0         0.0\n",
       " 0.0186005  0.0        0.0         0.0         0.0\n",
       " 0.0187281  0.0        0.0         0.0         0.0\n",
       " 0.0193051  0.0        0.0         0.0         0.0\n",
       " 0.0371141  0.0131524  0.00467243  0.00502989  0.00686844\n",
       "\n",
       "[:, :, 2, 9] =\n",
       " 0.0  0.0  0.0  0.0  0.0\n",
       " 0.0  0.0  0.0  0.0  0.0\n",
       " 0.0  0.0  0.0  0.0  0.0\n",
       " 0.0  0.0  0.0  0.0  0.0\n",
       " 0.0  0.0  0.0  0.0  0.0\n",
       "\n",
       "[:, :, 3, 9] =\n",
       " 0.0  0.0  0.0  0.0  0.0\n",
       " 0.0  0.0  0.0  0.0  0.0\n",
       " 0.0  0.0  0.0  0.0  0.0\n",
       " 0.0  0.0  0.0  0.0  0.0\n",
       " 0.0  0.0  0.0  0.0  0.0\n",
       "\n",
       "...\n",
       "\n",
       "[:, :, 67, 9] =\n",
       " 0.143597   0.160203   0.158389   0.159232   0.160026\n",
       " 0.0672481  0.0677534  0.0673158  0.0682514  0.0656111\n",
       " 0.0692506  0.0674157  0.0669541  0.0675763  0.0662668\n",
       " 0.0693161  0.0673437  0.0671594  0.067903   0.0658324\n",
       " 0.0758509  0.0738718  0.0736756  0.0745248  0.0758259\n",
       "\n",
       "[:, :, 68, 9] =\n",
       " 0.156522  0.105584   0.0993313  0.0992849  0.109262\n",
       " 0.110035  0.0839     0.0761432  0.0769219  0.0860205\n",
       " 0.111958  0.0871231  0.0796124  0.0801077  0.0894598\n",
       " 0.110004  0.0856872  0.0776285  0.0785286  0.0882586\n",
       " 0.109732  0.0850842  0.0768553  0.0776945  0.0868138\n",
       "\n",
       "[:, :, 69, 9] =\n",
       " 0.416705  0.408552  0.405945  0.405609  0.405046\n",
       " 0.414877  0.408179  0.405727  0.405874  0.400236\n",
       " 0.418483  0.410278  0.407499  0.407797  0.402757\n",
       " 0.419423  0.411269  0.408353  0.408411  0.40427\n",
       " 0.430315  0.424343  0.421297  0.420889  0.418397\n",
       "\n",
       "[:, :, 1, 10] =\n",
       " 0.0240137  0.0        0.0         0.0         0.0\n",
       " 0.0186158  0.0        0.0         0.0         0.0\n",
       " 0.0187749  0.0        0.0         0.0         0.0\n",
       " 0.0193927  0.0        0.0         0.0         0.0\n",
       " 0.0367252  0.0125746  0.00421143  0.00424064  0.0059975\n",
       "\n",
       "[:, :, 2, 10] =\n",
       " 0.0  0.0  0.0  0.0  0.0\n",
       " 0.0  0.0  0.0  0.0  0.0\n",
       " 0.0  0.0  0.0  0.0  0.0\n",
       " 0.0  0.0  0.0  0.0  0.0\n",
       " 0.0  0.0  0.0  0.0  0.0\n",
       "\n",
       "[:, :, 3, 10] =\n",
       " 0.0  0.0  0.0  0.0  0.0\n",
       " 0.0  0.0  0.0  0.0  0.0\n",
       " 0.0  0.0  0.0  0.0  0.0\n",
       " 0.0  0.0  0.0  0.0  0.0\n",
       " 0.0  0.0  0.0  0.0  0.0\n",
       "\n",
       "...\n",
       "\n",
       "[:, :, 67, 10] =\n",
       " 0.144413   0.160876   0.158351   0.158929   0.159917\n",
       " 0.0678066  0.0682337  0.0673063  0.068196   0.0656684\n",
       " 0.069353   0.0669656  0.0663563  0.0677115  0.0662683\n",
       " 0.0691858  0.0667678  0.0665947  0.0677252  0.0664643\n",
       " 0.0761253  0.0735088  0.0736139  0.074888   0.0762722\n",
       "\n",
       "[:, :, 68, 10] =\n",
       " 0.157062  0.106151   0.0999685  0.0997936  0.10924\n",
       " 0.109912  0.0838068  0.0757391  0.0760482  0.0853723\n",
       " 0.111755  0.0870987  0.0794453  0.079977   0.0892935\n",
       " 0.109838  0.0857137  0.0786568  0.0789045  0.0881142\n",
       " 0.110269  0.0852008  0.0769205  0.0772661  0.0865542\n",
       "\n",
       "[:, :, 69, 10] =\n",
       " 0.416627  0.408165  0.405592  0.405731  0.404923\n",
       " 0.414464  0.407753  0.405289  0.405699  0.399878\n",
       " 0.41813   0.410239  0.407629  0.407895  0.402546\n",
       " 0.419511  0.411054  0.408499  0.408558  0.403612\n",
       " 0.43096   0.424711  0.421845  0.421135  0.418093"
      ]
     },
     "execution_count": 60,
     "metadata": {},
     "output_type": "execute_result"
    }
   ],
   "source": [
    "a = model(k)"
   ]
  },
  {
   "cell_type": "code",
   "execution_count": 62,
   "metadata": {},
   "outputs": [
    {
     "data": {
      "image/svg+xml": [
       "<?xml version=\"1.0\" encoding=\"utf-8\"?>\n",
       "<svg xmlns=\"http://www.w3.org/2000/svg\" xmlns:xlink=\"http://www.w3.org/1999/xlink\" width=\"600\" height=\"400\" viewBox=\"0 0 2400 1600\">\n",
       "<defs>\n",
       "  <clipPath id=\"clip210\">\n",
       "    <rect x=\"0\" y=\"0\" width=\"2400\" height=\"1600\"/>\n",
       "  </clipPath>\n",
       "</defs>\n",
       "<path clip-path=\"url(#clip210)\" d=\"\n",
       "M0 1600 L2400 1600 L2400 0 L0 0  Z\n",
       "  \" fill=\"#ffffff\" fill-rule=\"evenodd\" fill-opacity=\"1\"/>\n",
       "<defs>\n",
       "  <clipPath id=\"clip211\">\n",
       "    <rect x=\"480\" y=\"0\" width=\"1681\" height=\"1600\"/>\n",
       "  </clipPath>\n",
       "</defs>\n",
       "<path clip-path=\"url(#clip210)\" d=\"\n",
       "M135.95 1486.45 L2112.76 1486.45 L2112.76 47.2441 L135.95 47.2441  Z\n",
       "  \" fill=\"#ffffff\" fill-rule=\"evenodd\" fill-opacity=\"1\"/>\n",
       "<defs>\n",
       "  <clipPath id=\"clip212\">\n",
       "    <rect x=\"135\" y=\"47\" width=\"1978\" height=\"1440\"/>\n",
       "  </clipPath>\n",
       "</defs>\n",
       "<polyline clip-path=\"url(#clip212)\" style=\"stroke:#000000; stroke-width:2; stroke-opacity:0.1; fill:none\" points=\"\n",
       "  408.119,1486.45 408.119,47.2441 \n",
       "  \"/>\n",
       "<polyline clip-path=\"url(#clip212)\" style=\"stroke:#000000; stroke-width:2; stroke-opacity:0.1; fill:none\" points=\"\n",
       "  694.613,1486.45 694.613,47.2441 \n",
       "  \"/>\n",
       "<polyline clip-path=\"url(#clip212)\" style=\"stroke:#000000; stroke-width:2; stroke-opacity:0.1; fill:none\" points=\"\n",
       "  981.106,1486.45 981.106,47.2441 \n",
       "  \"/>\n",
       "<polyline clip-path=\"url(#clip212)\" style=\"stroke:#000000; stroke-width:2; stroke-opacity:0.1; fill:none\" points=\"\n",
       "  1267.6,1486.45 1267.6,47.2441 \n",
       "  \"/>\n",
       "<polyline clip-path=\"url(#clip212)\" style=\"stroke:#000000; stroke-width:2; stroke-opacity:0.1; fill:none\" points=\"\n",
       "  1554.09,1486.45 1554.09,47.2441 \n",
       "  \"/>\n",
       "<polyline clip-path=\"url(#clip212)\" style=\"stroke:#000000; stroke-width:2; stroke-opacity:0.1; fill:none\" points=\"\n",
       "  1840.59,1486.45 1840.59,47.2441 \n",
       "  \"/>\n",
       "<polyline clip-path=\"url(#clip210)\" style=\"stroke:#000000; stroke-width:4; stroke-opacity:1; fill:none\" points=\"\n",
       "  135.95,1486.45 2112.76,1486.45 \n",
       "  \"/>\n",
       "<polyline clip-path=\"url(#clip210)\" style=\"stroke:#000000; stroke-width:4; stroke-opacity:1; fill:none\" points=\"\n",
       "  408.119,1486.45 408.119,1469.18 \n",
       "  \"/>\n",
       "<polyline clip-path=\"url(#clip210)\" style=\"stroke:#000000; stroke-width:4; stroke-opacity:1; fill:none\" points=\"\n",
       "  694.613,1486.45 694.613,1469.18 \n",
       "  \"/>\n",
       "<polyline clip-path=\"url(#clip210)\" style=\"stroke:#000000; stroke-width:4; stroke-opacity:1; fill:none\" points=\"\n",
       "  981.106,1486.45 981.106,1469.18 \n",
       "  \"/>\n",
       "<polyline clip-path=\"url(#clip210)\" style=\"stroke:#000000; stroke-width:4; stroke-opacity:1; fill:none\" points=\"\n",
       "  1267.6,1486.45 1267.6,1469.18 \n",
       "  \"/>\n",
       "<polyline clip-path=\"url(#clip210)\" style=\"stroke:#000000; stroke-width:4; stroke-opacity:1; fill:none\" points=\"\n",
       "  1554.09,1486.45 1554.09,1469.18 \n",
       "  \"/>\n",
       "<polyline clip-path=\"url(#clip210)\" style=\"stroke:#000000; stroke-width:4; stroke-opacity:1; fill:none\" points=\"\n",
       "  1840.59,1486.45 1840.59,1469.18 \n",
       "  \"/>\n",
